0,690.3877859115601
0,692.4636700153351
0,695.9442551136017
0,705.8390419483185
0,689.8783400058746
0,699.4093689918518
0,686.0853610038757
0,695.2676739692688
0,690.5371398925781
0,692.4401309490204
0,688.5741798877716
0,703.4667160511017
0,709.4856770038605
0,695.0436210632324
0,693.0219941139221
0,697.8688559532166
0,692.3878209590912
0,694.8427958488464
0,688.8619740009308
1,21.036128997802734
1,21.101588010787964
1,21.275887966156006
1,21.080018997192383
1,21.053854942321777
1,20.882073163986206
1,20.960551023483276
1,21.016445875167847
1,21.01740789413452
1,21.185070037841797
1,21.182506799697876
1,21.10155200958252
1,21.02355694770813
1,20.97500991821289
1,21.136793851852417
1,21.248067140579224
1,21.035374879837036
1,21.255587100982666
1,21.258454084396362
2,18.711337089538574
2,19.431213855743408
2,21.40773582458496
2,18.84557604789734
2,18.82655906677246
2,18.718038082122803
2,18.747709035873413
2,18.798090934753418
2,18.836106061935425
2,18.7121319770813
2,18.758904933929443
2,18.76928400993347
2,18.70162796974182
2,19.137843132019043
2,18.76941704750061
2,18.531310081481934
2,18.753297090530396
2,18.741845846176147
2,18.589985847473145